119 42
119 35
119 28
119 21
119 14
119 7
118 42
118 35
118 28
118 21
118 14
118 7
117 42
117 35
117 28
117 21
117 14
117 7
116 42
116 35
116 28
116 21
116 14
116 7
115 42
115 35
115 28
115 21
115 14
115 7
114 42
114 35
114 28
114 21
114 14
114 7
113 42
113 35
113 28
113 21
113 14
113 7
112 42
112 35
112 28
112 21
112 14
112 7
111 42
111 35
111 28
111 21
111 14
111 7
110 42
110 35
110 28
110 21
110 14
110 7
109 42
109 35
109 28
109 21
109 14
109 7
108 42
108 35
108 28
108 21
108 14
108 7
107 42
107 35
107 28
107 21
107 14
107 7
106 42
106 35
106 28
106 21
106 14
106 7
105 42
105 35
105 28
105 21
105 14
105 7
103 42
103 35
103 28
103 21
103 14
103 7
102 42
102 35
102 28
102 21
102 14
102 7
101 42
101 35
101 28
101 21
101 14
101 7
100 42
100 35
100 28
100 21
100 14
100 7
99 42
99 35
99 28
99 21
99 14
99 7
98 42
98 35
98 28
98 21
98 14
98 7
97 42
97 35
97 28
97 21
97 14
97 7
96 42
96 35
96 28
96 21
96 14
96 7
95 42
95 35
95 28
95 21
95 14
95 7
94 42
94 35
94 28
94 21
94 14
94 7
93 42
93 35
93 28
93 21
93 14
93 7
92 42
92 35
92 28
92 21
92 14
92 7
91 42
91 35
91 28
91 21
91 14
91 7
90 42
90 35
90 28
90 21
90 14
90 7
89 42
89 35
89 28
89 21
89 14
89 7
88 42
88 35
88 28
88 21
88 14
88 7
87 42
87 35
87 28
87 21
87 14
87 7
86 42
86 35
86 28
86 21
86 14
86 7
85 42
85 35
85 28
85 21
85 14
85 7
84 42
84 35
84 28
84 21
84 14
84 7
83 42
83 35
83 28
83 21
83 14
83 7
82 42
82 35
82 28
82 21
82 14
82 7
81 42
81 35
81 28
81 21
81 14
81 7
80 42
80 35
80 28
80 21
80 14
80 7
79 42
79 35
79 28
79 21
79 14
79 7
78 42
78 35
78 28
78 21
78 14
78 7
77 42
77 35
77 28
77 21
77 14
77 7
76 42
76 35
76 28
76 21
76 14
76 7
75 42
75 35
75 28
75 21
75 14
75 7
74 42
74 35
74 28
74 21
74 14
74 7
73 42
73 35
73 28
73 21
73 14
73 7
72 42
72 35
72 28
72 21
72 14
72 7
71 42
71 35
71 28
71 21
71 14
71 7
70 42
70 35
70 28
70 21
70 14
70 7
69 42
69 35
69 28
69 21
69 14
69 7
68 42
68 35
68 28
68 21
68 14
68 7
67 42
67 35
67 28
67 21
67 14
67 7
66 42
66 35
66 28
66 21
66 14
66 7
65 42
65 35
65 28
65 21
65 14
65 7
64 42
64 35
64 28
64 21
64 14
64 7
63 42
63 35
63 28
63 21
63 14
63 7
62 42
62 35
62 28
62 21
62 14
62 7
61 42
61 35
61 28
61 21
61 14
61 7
60 42
60 35
60 28
60 21
60 14
60 7
59 42
59 35
59 28
59 21
59 14
59 7
58 42
58 35
58 28
58 21
58 14
58 7
57 42
57 35
57 28
57 21
57 14
57 7
56 42
56 35
56 28
56 21
56 14
56 7
55 42
55 35
55 28
55 21
55 14
55 7
53 42
53 35
53 28
53 21
53 14
53 7
52 42
52 35
52 28
52 21
52 14
52 7
51 42
51 35
51 28
51 21
51 14
51 7
50 42
50 35
50 28
50 21
50 14
50 7
48 20
48 6
41 13
41 6
34 20
34 6
27 6
20 6
13 6
46 4
46 18
46 48
45 3
45 46
45 17
45 47
44 16
44 2
44 45
43 1
43 15
43 45
42 0
42 43
42 14
42 44
40 12
40 5
40 41
39 4
39 11
39 41
38 3
38 39
38 10
38 40
37 9
37 2
37 38
36 1
36 8
36 38
35 0
35 36
35 7
35 37
33 5
33 19
33 34
32 18
32 4
32 34
31 17
31 32
31 3
31 33
30 2
30 16
30 31
29 15
29 1
29 31
28 14
28 29
28 0
28 30
26 5
26 27
25 4
25 27
22 1
22 24
21 0
21 22
21 23
19 5
19 20
18 4
18 20
17 3
17 18
17 19
16 2
16 17
15 1
15 17
14 0
14 15
14 16
12 5
12 13
10 3
10 11
10 12
9 2
9 10
8 1
8 10
54 42
54 35
54 28
54 21
54 14
54 7
104 42
104 35
104 28
104 21
104 14
104 7
7 0
7 8
7 9
24 3
24 25
24 26
11 4
11 13
23 2
23 24
47 19
47 5
47 48
